RPM = -1					
VarsIn = 6					
Time(s)	Pressure(Pa)	TOx(K)	TFuel(K)	Sci(1/s)	ZR
0	1.00E+05	1300	373	1	1
0.0002	1.00E+05	1300	373	1	1
0.0004	1.00E+05	1250	373	1	1
0.0006	1.00E+05	1250	373	1	1
0.0008	1.00E+05	1200	373	1	1
0.001	1.00E+05	1200	373	1	1
0.0012	1.00E+05	1150	373	1	1
0.0014	1.00E+05	1150	373	1	1
0.0016	1.00E+05	1100	373	1	1
0.0018	1.00E+05	1100	373	1	1
0.002	1.00E+05	1050	373	1	1
0.0022	1.00E+05	1050	373	1	1
0.0024	1.00E+05	1000	373	1	1
0.0026	1.00E+05	1000	373	1	1
0.0028	1.00E+05	950	373	1	1
0.003	1.00E+05	950	373	1	1
0.0032	1.00E+05	900	373	1	1
0.0034	1.00E+05	900	373	1	1
0.0036	1.00E+05	850	373	1	1
0.0038	1.00E+05	850	373	1	1
0.004	1.00E+05	800	373	1	1
0.0042	1.00E+05	800	373	1	1
0.0044	1.00E+05	750	373	1	1
0.0046	1.00E+05	750	373	1	1
0.0048	1.00E+05	700	373	1	1
0.005	1.00E+05	700	373	1	1
0.0052	1.00E+05	650	373	1	1
0.0054	1.00E+05	650	373	1	1
0.0056	1.00E+05	600	373	1	1
0.0058	1.00E+05	600	373	1	1
0.006	1.00E+05	550	373	1	1
0.0062	1.00E+05	550	373	1	1
0.0064	1.00E+05	500	373	1	1
0.0066	1.00E+05	500	373	1	1
0.0068	1.00E+05	450	373	1	1
0.007	1.00E+05	450	373	1	1
0.0072	1.00E+05	400	373	1	1
0.0074	1.00E+05	400	373	1	1
0.0076	1.00E+05	380	373	1	1
0.0078	1.00E+05	380	373	1	1
0.008	1.00E+05	370	373	1	1
0.0082	1.00E+05	370	373	1	1
0.0084	1.00E+05	360	373	1	1
0.0086	1.00E+05	360	373	1	1
0.0088	1.00E+05	350	373	1	1
0.009	1.00E+05	350	373	1	1
0.0092	1.00E+05	340	373	1	1
0.0094	1.00E+05	340	373	1	1
0.0096	1.00E+05	330	373	1	1
0.0098	1.00E+05	330	373	1	1
0.01	1.00E+05	330	373	1	1